1
 12 0 0 0 0 0 0
 0 0.02 77.8837 0 6.02776 1.13616 1.13616 0.00573605 0.00573605 5.28238 1.60206 -7.90418 8.64903 0 0 0
1
 8 0 0 0 0 0 0
 0 0.02 11.9747 12.2331 16.5757 13.2705 5.62714 1322.95 1322.95 3.51598 5.26231 -2.52322 -5.88255 0 0 0
1
 18 0 0 0 0 0 0
 0 0.02 11.9747 0 16.5757 1.43011 1.43011 1.9282e-05 1.9282e-05 6.91351 3.17964 -18.0985 14.8994 0 12 0.1
1
 18 0 0 0 0 0 0
 0 0.02 11.9747 0 16.5757 1.43011 1.43011 1.9282e-05 1.9282e-05 6.91351 3.17964 -18.0985 14.8994 0 12 0.1
1
 14 0 0 0 0 0 0
 0 0.02 52.7985 0 7.17163 1.3089 1.3089 0.00298803 0.00298803 5.424 1.60206 -8.78913 9.53398 0 0 0
1
 12 0 0 0 0 0 0
 0 0.02 84.7603 0 5.81059 1.10452 1.10452 0.00614116 0.00614116 5.26757 1.60206 -7.81159 8.55644 0 0 0
